24 287 126.5
46 84 34.5
49 172 218.5
61 276 69.0
78 151 34.5
82 250 46.0
95 17 57.5
99 40 46.0
103 20 241.5
108 265 57.5
121 113 34.5
128 264 46.0
139 121 46.0
141 216 218.5
147 48 80.5
151 145 230.0
153 157 195.5
159 149 184.0
173 135 333.5
187 185 195.5
192 124 161.0
192 153 356.5
193 176 184.0
197 42 126.5
197 184 0.0
197 195 195.5
201 203 184.0
209 200 356.5
209 214 172.5
213 164 172.5
216 214 172.5
218 246 184.0
224 260 172.5
225 90 161.0
227 282 230.0
231 58 138.0
233 71 333.5
237 226 161.0
254 81 333.5
258 286 322.0
266 149 345.0
