46 134 23.0
52 84 218.5
69 51 241.5
72 254 322.0
73 201 172.5
77 147 11.5
77 157 195.5
78 88 230.0
82 254 322.0
92 217 345.0
95 130 46.0
102 51 264.5
107 285 310.5
110 162 172.5
114 185 345.0
115 159 161.0
124 131 322.0
126 229 161.0
128 155 161.0
131 256 310.5
132 171 345.0
139 274 310.5
141 185 161.0
148 61 138.0
157 251 310.5
168 97 161.0
181 234 322.0
184 263 310.5
195 24 138.0
200 45 333.5
208 54 149.5
220 175 333.5
228 218 310.5
231 264 287.5
232 241 287.5
251 139 333.5
271 73 333.5
273 246 287.5
276 173 322.0
279 112 345.0
279 239 299.0
