44 286 172.5
49 128 241.5
56 273 161.0
71 207 218.5
72 179 241.5
75 187 46.0
79 234 184.0
86 252 356.5
95 48 276.0
99 173 264.5
105 122 92.0
105 181 264.5
105 213 195.5
113 118 299.0
114 207 126.5
118 217 161.0
119 133 299.0
121 37 299.0
123 152 299.0
133 87 126.5
139 266 126.5
147 214 333.5
148 141 322.0
153 125 138.0
153 173 333.5
162 261 310.5
166 247 333.5
168 233 345.0
170 267 264.5
174 144 322.0
174 255 345.0
175 262 299.0
179 98 322.0
188 249 11.5
203 250 195.5
209 207 161.0
219 247 172.5
229 225 161.0
233 89 138.0
233 178 149.5
236 63 322.0
237 197 161.0
238 259 172.5
248 194 333.5
