16 283 115.0
38 120 23.0
38 145 23.0
49 159 207.0
70 277 57.5
80 135 23.0
81 287 57.5
82 238 46.0
95 30 46.0
106 256 57.5
115 97 34.5
127 252 46.0
131 112 46.0
138 204 207.0
142 284 57.5
144 134 218.5
148 146 195.5
149 128 161.0
156 136 184.0
163 284 57.5
166 121 345.0
175 51 299.0
183 59 126.5
184 112 161.0
190 288 57.5
191 29 126.5
198 187 184.0
204 190 0.0
208 147 172.5
212 210 184.0
213 233 184.0
213 285 57.5
218 78 149.5
226 45 138.0
229 59 333.5
232 263 322.0
235 215 161.0
237 39 322.0
255 272 310.5
257 103 161.0
264 271 322.0
272 196 345.0
273 213 345.0
273 289 310.5
