89 138 69.0
98 107 253.0
99 153 241.5
122 232 207.0
123 204 241.5
126 212 46.0
134 44 276.0
135 262 184.0
138 61 92.0
138 278 356.5
143 75 276.0
153 199 276.0
155 148 103.5
157 208 264.5
160 240 195.5
165 145 299.0
166 238 103.5
169 67 299.0
169 244 149.5
171 161 299.0
175 181 310.5
179 129 310.5
186 111 126.5
187 60 126.5
199 170 322.0
200 46 115.0
201 241 322.0
204 69 310.5
205 154 138.0
206 201 322.0
218 289 333.5
225 172 322.0
225 259 345.0
225 276 345.0
229 125 322.0
230 285 345.0
249 279 0.0
265 275 184.0
268 233 161.0
282 113 149.5
288 204 149.5
